{
  "advancedEditorSelectedIdentifier" : "ProjectBrowser",
  "openSceneRelativePaths" : [
    "BubbleScene.usda"
  ],
  "recentIdentifiers" : {
    "AB96A789-DD9E-4291-91B4-314361AB227B" : [

    ],
    "C8DE0394-F41B-4E5C-8059-2770D42610B1" : [

    ]
  },
  "sceneCameraHistory" : {
    "AB96A789-DD9E-4291-91B4-314361AB227B" : [
      {
        "date" : 743276721.443552,
        "title" : "Untitled",
        "transform" : [
          0.9994781,
          2.416707e-10,
          -0.032301947,
          0,
          -0.002366851,
          0.9973119,
          -0.07323447,
          0,
          0.032215115,
          0.073272705,
          0.99679154,
          0,
          0.03119871,
          0.80850106,
          0.3287683,
          1
        ]
      },
      {
        "date" : 743276548.661579,
        "title" : "Untitled",
        "transform" : [
          0.9988385,
          2.5933927e-10,
          -0.048182677,
          0,
          -0.0027113918,
          0.99841535,
          -0.056207802,
          0,
          0.048106328,
          0.056273166,
          0.9972558,
          0,
          0.044505116,
          0.79459846,
          0.33684936,
          1
        ]
      },
      {
        "date" : 743276542.799083,
        "title" : "Untitled",
        "transform" : [
          0.99937326,
          9.153648e-12,
          -0.03539824,
          0,
          -0.024852408,
          0.7120978,
          -0.70164037,
          0,
          0.025207007,
          0.7020803,
          0.7116515,
          0,
          0.04512861,
          1.2569491,
          0.07408394,
          1
        ]
      },
      {
        "date" : 743276400.217461,
        "title" : "Untitled",
        "transform" : [
          0.99937326,
          9.153648e-12,
          -0.03539824,
          0,
          -0.024852408,
          0.7120978,
          -0.70164037,
          0,
          0.025207007,
          0.7020803,
          0.7116515,
          0,
          0.035042997,
          0.9760385,
          -0.21065587,
          1
        ]
      },
      {
        "date" : 743276388.472739,
        "title" : "Untitled",
        "transform" : [
          1,
          0,
          0,
          0,
          0,
          0.7071069,
          -0.7071067,
          0,
          0,
          0.7071067,
          0.7071069,
          0,
          0,
          0.9830262,
          -0.21697383,
          1
        ]
      },
      {
        "date" : 743274427.944214,
        "title" : "Untitled",
        "transform" : [
          1,
          0,
          0,
          0,
          0,
          0.7071069,
          -0.7071067,
          0,
          0,
          0.7071067,
          0.7071069,
          0,
          0,
          0.92232776,
          -0.27767214,
          1
        ]
      },
      {
        "date" : 743273930.133926,
        "title" : "Untitled",
        "transform" : [
          1,
          0,
          -0,
          0,
          -0,
          0.7071069,
          -0.7071067,
          0,
          0,
          0.7071067,
          0.7071069,
          0,
          0,
          1.0894587,
          -0.110541224,
          1
        ]
      }
    ],
    "C8DE0394-F41B-4E5C-8059-2770D42610B1" : [
      {
        "date" : 743269845.183455,
        "title" : "Untitled",
        "transform" : [
          0.9999858,
          1.7712505e-11,
          -0.005336666,
          0,
          -0.0036711472,
          0.72579485,
          -0.6879014,
          0,
          0.0038733245,
          0.6879112,
          0.72578466,
          0,
          0.0053412714,
          0.9486116,
          -0.29916215,
          1
        ]
      },
      {
        "date" : 743268070.855304,
        "title" : "Untitled",
        "transform" : [
          0.99940896,
          2.1755486e-11,
          0.034378044,
          0,
          0.024094824,
          0.7132809,
          -0.7004639,
          0,
          -0.024521206,
          0.7008782,
          0.71285945,
          0,
          -0.033814058,
          0.9664928,
          -0.31698564,
          1
        ]
      },
      {
        "date" : 743267940.89308,
        "title" : "Untitled",
        "transform" : [
          0.99940896,
          2.1755486e-11,
          0.034378044,
          0,
          0.024094824,
          0.7132809,
          -0.7004639,
          0,
          -0.024521206,
          0.7008782,
          0.71285945,
          0,
          -0.03110629,
          0.88909787,
          -0.39570376,
          1
        ]
      },
      {
        "date" : 743267936.937659,
        "title" : "Untitled",
        "transform" : [
          0.99940896,
          2.1755486e-11,
          0.034378044,
          0,
          0.024094824,
          0.7132809,
          -0.7004639,
          0,
          -0.024521206,
          0.7008782,
          0.71285945,
          0,
          -0.03188924,
          0.9114767,
          -0.37294257,
          1
        ]
      },
      {
        "date" : 743267756.855675,
        "title" : "Untitled",
        "transform" : [
          0.99940896,
          2.1755486e-11,
          0.034378044,
          0,
          0.024094824,
          0.7132809,
          -0.7004639,
          0,
          -0.024521206,
          0.7008782,
          0.71285945,
          0,
          -0.035998147,
          1.0289196,
          -0.25349188,
          1
        ]
      },
      {
        "date" : 743267734.937809,
        "title" : "Untitled",
        "transform" : [
          0.9979683,
          5.034062e-11,
          0.06371281,
          0,
          0.045800053,
          0.6951636,
          -0.717391,
          0,
          -0.044290833,
          0.7188515,
          0.69375134,
          0,
          -0.065020815,
          1.0553052,
          -0.28154337,
          1
        ]
      },
      {
        "date" : 743267253.980705,
        "title" : "Untitled",
        "transform" : [
          0.9999606,
          3.2529448e-12,
          0.008877137,
          0,
          0.0061721345,
          0.71873474,
          -0.69525695,
          0,
          -0.006380307,
          0.69528437,
          0.7187065,
          0,
          -0.009366564,
          1.0207076,
          -0.24490806,
          1
        ]
      },
      {
        "date" : 743267119.28319,
        "title" : "Untitled",
        "transform" : [
          0.9999606,
          3.2529448e-12,
          0.008877137,
          0,
          0.0061721345,
          0.71873474,
          -0.69525695,
          0,
          -0.006380307,
          0.69528437,
          0.7187065,
          0,
          -0.008479373,
          0.92402714,
          -0.34484553,
          1
        ]
      },
      {
        "date" : 743267111.468763,
        "title" : "Untitled",
        "transform" : [
          1,
          0,
          -0,
          0,
          -0,
          0.7071069,
          -0.7071067,
          0,
          0,
          0.7071067,
          0.7071069,
          0,
          0,
          0.939739,
          -0.3602612,
          1
        ]
      }
    ]
  },
  "sceneViewportBackgroundColors" : {

  },
  "selectedSceneRelativePath" : "BubbleScene.usda"
}